Total sprites detectados:1346

========= MAPA REAL DO ATLAS =========

"line_1": [
    Rect2(10.0, 24.0, 60.0, 56.0),
    Rect2(75.0, 24.0, 60.0, 56.0),
    Rect2(140.0, 24.0, 60.0, 56.0),
]

"line_2": [
    Rect2(10.0, 98.0, 60.0, 56.0),
    Rect2(75.0, 99.0, 60.0, 55.0),
    Rect2(140.0, 100.0, 61.0, 54.0),
    Rect2(206.0, 99.0, 61.0, 55.0),
    Rect2(272.0, 98.0, 59.0, 56.0),
    Rect2(336.0, 99.0, 61.0, 55.0),
    Rect2(402.0, 101.0, 62.0, 53.0),
    Rect2(469.0, 100.0, 62.0, 54.0),
    Rect2(536.0, 99.0, 61.0, 55.0),
    Rect2(602.0, 101.0, 62.0, 53.0),
    Rect2(669.0, 100.0, 60.0, 54.0),
    Rect2(734.0, 100.0, 60.0, 54.0),
    Rect2(799.0, 100.0, 61.0, 54.0),
    Rect2(865.0, 100.0, 61.0, 54.0),
    Rect2(931.0, 100.0, 59.0, 54.0),
    Rect2(995.0, 100.0, 61.0, 54.0),
    Rect2(1061.0, 99.0, 62.0, 55.0),
    Rect2(1128.0, 99.0, 62.0, 55.0),
    Rect2(1195.0, 100.0, 61.0, 54.0),
    Rect2(1261.0, 99.0, 62.0, 55.0),
]

"line_3": [
    Rect2(10.0, 172.0, 60.0, 55.0),
    Rect2(75.0, 172.0, 59.0, 55.0),
    Rect2(139.0, 172.0, 59.0, 55.0),
    Rect2(203.0, 172.0, 60.0, 55.0),
]

"line_4": [
    Rect2(10.0, 232.0, 59.0, 55.0),
    Rect2(74.0, 232.0, 59.0, 55.0),
    Rect2(138.0, 232.0, 61.0, 55.0),
    Rect2(204.0, 232.0, 62.0, 55.0),
]

"line_5": [
    Rect2(10.0, 305.0, 60.0, 56.0),
    Rect2(75.0, 305.0, 60.0, 56.0),
    Rect2(140.0, 305.0, 60.0, 56.0),
    Rect2(205.0, 305.0, 60.0, 56.0),
]

"line_6": [
    Rect2(10.0, 366.0, 61.0, 56.0),
    Rect2(76.0, 366.0, 61.0, 56.0),
    Rect2(142.0, 366.0, 61.0, 56.0),
    Rect2(208.0, 366.0, 62.0, 56.0),
]

"line_7": [
    Rect2(10.0, 440.0, 60.0, 56.0),
    Rect2(75.0, 440.0, 60.0, 56.0),
    Rect2(140.0, 440.0, 59.0, 56.0),
    Rect2(204.0, 440.0, 59.0, 56.0),
    Rect2(268.0, 441.0, 58.0, 55.0),
    Rect2(331.0, 442.0, 58.0, 54.0),
    Rect2(394.0, 443.0, 58.0, 53.0),
    Rect2(457.0, 444.0, 59.0, 52.0),
    Rect2(521.0, 443.0, 58.0, 53.0),
    Rect2(584.0, 441.0, 58.0, 55.0),
]

"line_8": [
    Rect2(10.0, 501.0, 60.0, 56.0),
    Rect2(75.0, 501.0, 60.0, 56.0),
    Rect2(140.0, 501.0, 60.0, 56.0),
    Rect2(205.0, 501.0, 59.0, 56.0),
    Rect2(269.0, 502.0, 59.0, 55.0),
    Rect2(333.0, 503.0, 58.0, 54.0),
    Rect2(396.0, 504.0, 59.0, 53.0),
    Rect2(460.0, 505.0, 59.0, 52.0),
    Rect2(524.0, 504.0, 59.0, 53.0),
    Rect2(588.0, 502.0, 59.0, 55.0),
]

"line_9": [
    Rect2(10.0, 580.0, 55.0, 61.0),
    Rect2(70.0, 578.0, 55.0, 64.0),
    Rect2(130.0, 576.0, 53.0, 70.0),
    Rect2(188.0, 575.0, 53.0, 71.0),
]

"line_10": [
    Rect2(10.0, 656.0, 55.0, 61.0),
    Rect2(70.0, 654.0, 55.0, 64.0),
    Rect2(130.0, 652.0, 53.0, 70.0),
    Rect2(188.0, 651.0, 53.0, 71.0),
]

"line_11": [
    Rect2(10.0, 740.0, 60.0, 56.0),
    Rect2(75.0, 742.0, 59.0, 54.0),
    Rect2(139.0, 744.0, 59.0, 52.0),
    Rect2(203.0, 746.0, 60.0, 50.0),
]

"line_12": [
    Rect2(10.0, 801.0, 60.0, 56.0),
    Rect2(75.0, 803.0, 59.0, 54.0),
    Rect2(139.0, 805.0, 59.0, 52.0),
    Rect2(203.0, 807.0, 60.0, 50.0),
]

"line_13": [
    Rect2(10.0, 876.0, 60.0, 57.0),
    Rect2(75.0, 876.0, 60.0, 57.0),
    Rect2(140.0, 875.0, 59.0, 58.0),
    Rect2(204.0, 876.0, 59.0, 57.0),
    Rect2(268.0, 880.0, 60.0, 53.0),
    Rect2(333.0, 883.0, 59.0, 50.0),
    Rect2(397.0, 889.0, 65.0, 44.0),
    Rect2(467.0, 892.0, 69.0, 41.0),
    Rect2(541.0, 893.0, 70.0, 40.0),
]

"line_14": [
    Rect2(75.0, 939.0, 60.0, 57.0),
    Rect2(140.0, 938.0, 59.0, 58.0),
    Rect2(268.0, 943.0, 60.0, 53.0),
    Rect2(397.0, 952.0, 65.0, 44.0),
    Rect2(467.0, 955.0, 69.0, 41.0),
    Rect2(541.0, 956.0, 70.0, 40.0),
]

"line_15": [
    Rect2(10.0, 1014.0, 70.0, 40.0),
    Rect2(85.0, 1014.0, 70.0, 40.0),
    Rect2(160.0, 1014.0, 70.0, 40.0),
]

"line_16": [
    Rect2(10.0, 1072.0, 70.0, 40.0),
    Rect2(85.0, 1073.0, 70.0, 39.0),
    Rect2(160.0, 1074.0, 70.0, 38.0),
    Rect2(235.0, 1073.0, 70.0, 39.0),
    Rect2(310.0, 1072.0, 69.0, 40.0),
    Rect2(384.0, 1073.0, 70.0, 39.0),
    Rect2(459.0, 1075.0, 71.0, 37.0),
    Rect2(535.0, 1074.0, 71.0, 38.0),
    Rect2(611.0, 1073.0, 70.0, 39.0),
    Rect2(686.0, 1075.0, 71.0, 37.0),
    Rect2(762.0, 1074.0, 70.0, 38.0),
    Rect2(837.0, 1074.0, 70.0, 38.0),
    Rect2(912.0, 1074.0, 70.0, 38.0),
    Rect2(987.0, 1074.0, 70.0, 38.0),
    Rect2(1062.0, 1074.0, 69.0, 38.0),
    Rect2(1136.0, 1074.0, 70.0, 38.0),
    Rect2(1211.0, 1073.0, 71.0, 39.0),
    Rect2(1287.0, 1073.0, 71.0, 39.0),
    Rect2(1363.0, 1074.0, 70.0, 38.0),
    Rect2(1438.0, 1073.0, 72.0, 39.0),
]

"line_17": [
    Rect2(10.0, 1130.0, 69.0, 39.0),
    Rect2(84.0, 1130.0, 68.0, 39.0),
    Rect2(157.0, 1130.0, 68.0, 39.0),
    Rect2(230.0, 1130.0, 69.0, 39.0),
]

"line_18": [
    Rect2(10.0, 1174.0, 69.0, 39.0),
    Rect2(84.0, 1174.0, 68.0, 39.0),
    Rect2(157.0, 1174.0, 69.0, 39.0),
    Rect2(231.0, 1174.0, 70.0, 39.0),
]

"line_19": [
    Rect2(10.0, 1231.0, 70.0, 40.0),
    Rect2(85.0, 1231.0, 70.0, 40.0),
    Rect2(160.0, 1231.0, 70.0, 40.0),
    Rect2(235.0, 1231.0, 70.0, 40.0),
]

"line_20": [
    Rect2(10.0, 1276.0, 70.0, 40.0),
    Rect2(85.0, 1276.0, 70.0, 40.0),
    Rect2(160.0, 1276.0, 70.0, 40.0),
    Rect2(235.0, 1276.0, 71.0, 40.0),
]

"line_21": [
    Rect2(10.0, 1334.0, 70.0, 40.0),
    Rect2(85.0, 1334.0, 69.0, 40.0),
    Rect2(159.0, 1335.0, 68.0, 39.0),
    Rect2(232.0, 1336.0, 66.0, 38.0),
]

"line_22": [
    Rect2(10.0, 1379.0, 71.0, 40.0),
    Rect2(86.0, 1379.0, 69.0, 40.0),
    Rect2(160.0, 1380.0, 69.0, 39.0),
    Rect2(234.0, 1381.0, 67.0, 38.0),
]

"line_23 entering": [
    Rect2(10.0, 1438.0, 60.0, 45.0),
    Rect2(75.0, 1440.0, 60.0, 43.0),
    Rect2(140.0, 1438.0, 60.0, 45.0),
    Rect2(205.0, 1437.0, 65.0, 46.0),
    Rect2(275.0, 1444.0, 70.0, 39.0),
]

"line_24 exiting": [
    Rect2(10.0, 1494.0, 60.0, 40.0),
    Rect2(75.0, 1488.0, 60.0, 46.0),
]

"line_25 = hit": [
    Rect2(10.0, 1559.0, 66.0, 57.0),
    Rect2(82.0, 1556.0, 69.0, 60.0),
    Rect2(157.0, 1554.0, 74.0, 62.0),
    Rect2(237.0, 1553.0, 61.0, 63.0),
    Rect2(301.0, 1557.0, 16.0, 16.0),
    Rect2(325.0, 1553.0, 61.0, 63.0),
    Rect2(416.0, 1552.0, 62.0, 64.0),
    Rect2(483.0, 1553.0, 62.0, 63.0),
    Rect2(550.0, 1555.0, 63.0, 61.0),
    Rect2(618.0, 1558.0, 63.0, 58.0),
    Rect2(686.0, 1561.0, 62.0, 55.0),
    Rect2(753.0, 1563.0, 61.0, 53.0),
    Rect2(819.0, 1565.0, 62.0, 51.0),
    Rect2(886.0, 1566.0, 62.0, 50.0),
]

"line_26": [
    Rect2(10.0, 1628.0, 62.0, 51.0),
    Rect2(77.0, 1626.0, 61.0, 53.0),
    Rect2(143.0, 1621.0, 62.0, 58.0),
]

"line_27": [
    Rect2(11.0, 1691.0, 61.0, 57.0),
    Rect2(78.0, 1688.0, 66.0, 60.0),
    Rect2(152.0, 1689.0, 16.0, 16.0),
    Rect2(161.0, 1686.0, 9.0, 10.0),
    Rect2(162.0, 1690.0, 62.0, 58.0),
    Rect2(247.0, 1698.0, 60.0, 50.0),
    Rect2(312.0, 1700.0, 60.0, 48.0),
    Rect2(377.0, 1698.0, 60.0, 50.0),
]

"line_28": [
    Rect2(10.0, 1754.0, 61.0, 58.0),
    Rect2(76.0, 1753.0, 60.0, 59.0),
    Rect2(141.0, 1756.0, 60.0, 56.0),
    Rect2(206.0, 1758.0, 60.0, 54.0),
]

"line_29": [
    Rect2(10.0, 1837.0, 55.0, 56.0),
    Rect2(70.0, 1834.0, 55.0, 59.0),
    Rect2(130.0, 1832.0, 55.0, 61.0),
    Rect2(190.0, 1831.0, 56.0, 62.0),
    Rect2(251.0, 1831.0, 57.0, 62.0),
    Rect2(313.0, 1830.0, 57.0, 63.0),
]

"line_30": [
    Rect2(10.0, 1898.0, 60.0, 61.0),
    Rect2(75.0, 1901.0, 60.0, 58.0),
    Rect2(140.0, 1904.0, 59.0, 55.0),
    Rect2(204.0, 1906.0, 59.0, 53.0),
    Rect2(268.0, 1908.0, 60.0, 51.0),
    Rect2(333.0, 1909.0, 59.0, 50.0),
    Rect2(397.0, 1908.0, 59.0, 51.0),
    Rect2(461.0, 1909.0, 60.0, 50.0),
]

"line_31": [
    Rect2(10.0, 1967.0, 55.0, 56.0),
    Rect2(70.0, 1964.0, 55.0, 59.0),
    Rect2(130.0, 1966.0, 55.0, 57.0),
    Rect2(190.0, 1966.0, 55.0, 57.0),
]

"line_32": [
    Rect2(10.0, 2028.0, 60.0, 50.0),
    Rect2(75.0, 2028.0, 60.0, 50.0),
    Rect2(140.0, 2030.0, 59.0, 48.0),
    Rect2(204.0, 2030.0, 59.0, 48.0),
    Rect2(268.0, 2028.0, 60.0, 50.0),
    Rect2(333.0, 2030.0, 59.0, 48.0),
    Rect2(397.0, 2030.0, 59.0, 48.0),
    Rect2(461.0, 2030.0, 60.0, 48.0),
]

"line_33": [
    Rect2(10.0, 2106.0, 59.0, 58.0),
    Rect2(74.0, 2106.0, 59.0, 59.0),
    Rect2(138.0, 2106.0, 59.0, 58.0),
]

"line_34": [
    Rect2(10.0, 2183.0, 59.0, 58.0),
    Rect2(74.0, 2184.0, 58.0, 58.0),
    Rect2(137.0, 2185.0, 59.0, 56.0),
    Rect2(201.0, 2184.0, 59.0, 57.0),
    Rect2(265.0, 2183.0, 60.0, 58.0),
    Rect2(330.0, 2184.0, 61.0, 57.0),
    Rect2(396.0, 2188.0, 61.0, 56.0),
    Rect2(462.0, 2188.0, 60.0, 56.0),
    Rect2(527.0, 2186.0, 61.0, 58.0),
    Rect2(593.0, 2186.0, 61.0, 55.0),
    Rect2(659.0, 2185.0, 58.0, 56.0),
    Rect2(722.0, 2187.0, 58.0, 57.0),
    Rect2(785.0, 2189.0, 59.0, 55.0),
    Rect2(849.0, 2185.0, 59.0, 56.0),
    Rect2(913.0, 2184.0, 59.0, 57.0),
    Rect2(977.0, 2185.0, 61.0, 56.0),
    Rect2(1043.0, 2184.0, 60.0, 57.0),
    Rect2(1108.0, 2184.0, 60.0, 57.0),
    Rect2(1173.0, 2185.0, 60.0, 57.0),
    Rect2(1238.0, 2184.0, 61.0, 57.0),
]

"line_35": [
    Rect2(10.0, 2263.0, 60.0, 57.0),
    Rect2(75.0, 2263.0, 60.0, 57.0),
    Rect2(140.0, 2262.0, 61.0, 58.0),
    Rect2(206.0, 2262.0, 62.0, 58.0),
]

"line_36": [
    Rect2(10.0, 2325.0, 61.0, 58.0),
    Rect2(76.0, 2325.0, 60.0, 58.0),
    Rect2(141.0, 2325.0, 61.0, 58.0),
    Rect2(207.0, 2326.0, 62.0, 57.0),
]

"line_37": [
    Rect2(10.0, 2401.0, 59.0, 58.0),
    Rect2(74.0, 2401.0, 59.0, 58.0),
    Rect2(138.0, 2401.0, 60.0, 58.0),
    Rect2(203.0, 2401.0, 60.0, 58.0),
]

"line_38": [
    Rect2(10.0, 2464.0, 60.0, 58.0),
    Rect2(75.0, 2464.0, 60.0, 58.0),
    Rect2(140.0, 2464.0, 61.0, 58.0),
    Rect2(206.0, 2464.0, 62.0, 58.0),
]

"line_39": [
    Rect2(10.0, 2543.0, 61.0, 58.0),
    Rect2(76.0, 2543.0, 62.0, 58.0),
    Rect2(143.0, 2543.0, 63.0, 58.0),
    Rect2(211.0, 2544.0, 65.0, 57.0),
    Rect2(281.0, 2546.0, 63.0, 55.0),
    Rect2(349.0, 2547.0, 64.0, 54.0),
    Rect2(418.0, 2545.0, 65.0, 57.0),
    Rect2(488.0, 2543.0, 65.0, 59.0),
    Rect2(558.0, 2541.0, 63.0, 59.0),
    Rect2(626.0, 2540.0, 63.0, 60.0),
]

"line_40": [
    Rect2(10.0, 2609.0, 61.0, 59.0),
    Rect2(76.0, 2609.0, 62.0, 59.0),
    Rect2(143.0, 2609.0, 63.0, 59.0),
    Rect2(211.0, 2610.0, 65.0, 58.0),
    Rect2(281.0, 2613.0, 64.0, 55.0),
    Rect2(350.0, 2614.0, 65.0, 54.0),
    Rect2(420.0, 2612.0, 66.0, 56.0),
    Rect2(491.0, 2610.0, 66.0, 58.0),
    Rect2(562.0, 2608.0, 63.0, 60.0),
    Rect2(630.0, 2607.0, 63.0, 61.0),
]

"line_41": [
    Rect2(10.0, 2686.0, 60.0, 58.0),
    Rect2(75.0, 2688.0, 61.0, 56.0),
    Rect2(141.0, 2689.0, 61.0, 55.0),
    Rect2(207.0, 2690.0, 61.0, 54.0),
]

"line_42": [
    Rect2(10.0, 2749.0, 60.0, 59.0),
    Rect2(75.0, 2751.0, 61.0, 57.0),
    Rect2(141.0, 2753.0, 61.0, 55.0),
    Rect2(207.0, 2755.0, 61.0, 53.0),
]

"line_43": [
    Rect2(10.0, 2827.0, 61.0, 58.0),
    Rect2(76.0, 2827.0, 63.0, 58.0),
    Rect2(144.0, 2826.0, 66.0, 59.0),
    Rect2(215.0, 2826.0, 63.0, 59.0),
    Rect2(283.0, 2827.0, 60.0, 58.0),
    Rect2(348.0, 2830.0, 60.0, 55.0),
    Rect2(413.0, 2836.0, 62.0, 49.0),
    Rect2(480.0, 2838.0, 66.0, 47.0),
    Rect2(551.0, 2839.0, 66.0, 46.0),
]

"line_44": [
    Rect2(76.0, 2892.0, 63.0, 58.0),
    Rect2(144.0, 2890.0, 66.0, 60.0),
    Rect2(283.0, 2892.0, 60.0, 58.0),
    Rect2(413.0, 2900.0, 62.0, 50.0),
    Rect2(480.0, 2903.0, 66.0, 47.0),
    Rect2(551.0, 2903.0, 66.0, 47.0),
]

"line_45": [
    Rect2(10.0, 2968.0, 66.0, 46.0),
    Rect2(81.0, 2968.0, 66.0, 47.0),
    Rect2(152.0, 2968.0, 66.0, 46.0),
]

"line_46": [
    Rect2(10.0, 3034.0, 66.0, 46.0),
    Rect2(81.0, 3034.0, 66.0, 46.0),
    Rect2(152.0, 3036.0, 65.0, 44.0),
    Rect2(222.0, 3035.0, 66.0, 45.0),
    Rect2(293.0, 3034.0, 66.0, 46.0),
    Rect2(364.0, 3035.0, 67.0, 45.0),
    Rect2(436.0, 3036.0, 66.0, 44.0),
    Rect2(507.0, 3035.0, 66.0, 45.0),
    Rect2(578.0, 3033.0, 66.0, 47.0),
    Rect2(649.0, 3035.0, 67.0, 45.0),
    Rect2(721.0, 3035.0, 66.0, 45.0),
    Rect2(792.0, 3035.0, 65.0, 45.0),
    Rect2(862.0, 3037.0, 65.0, 43.0),
    Rect2(932.0, 3036.0, 65.0, 44.0),
    Rect2(1002.0, 3035.0, 66.0, 45.0),
    Rect2(1073.0, 3035.0, 67.0, 45.0),
    Rect2(1145.0, 3034.0, 66.0, 46.0),
    Rect2(1216.0, 3035.0, 66.0, 45.0),
    Rect2(1287.0, 3035.0, 66.0, 45.0),
    Rect2(1358.0, 3035.0, 67.0, 45.0),
]

"line_47": [
    Rect2(10.0, 3099.0, 66.0, 45.0),
    Rect2(81.0, 3099.0, 66.0, 45.0),
    Rect2(152.0, 3098.0, 66.0, 46.0),
    Rect2(223.0, 3098.0, 66.0, 46.0),
]

"line_48": [
    Rect2(10.0, 3149.0, 66.0, 46.0),
    Rect2(81.0, 3149.0, 66.0, 46.0),
    Rect2(152.0, 3149.0, 66.0, 46.0),
    Rect2(223.0, 3150.0, 66.0, 45.0),
]

"line_49": [
    Rect2(10.0, 3213.0, 66.0, 46.0),
    Rect2(81.0, 3213.0, 66.0, 46.0),
    Rect2(152.0, 3213.0, 67.0, 46.0),
    Rect2(224.0, 3213.0, 68.0, 46.0),
]

"line_50": [
    Rect2(10.0, 3264.0, 67.0, 46.0),
    Rect2(82.0, 3264.0, 66.0, 46.0),
    Rect2(153.0, 3264.0, 67.0, 46.0),
    Rect2(225.0, 3264.0, 69.0, 46.0),
]

"line_51": [
    Rect2(10.0, 3328.0, 65.0, 47.0),
    Rect2(80.0, 3329.0, 64.0, 46.0),
    Rect2(149.0, 3331.0, 62.0, 44.0),
    Rect2(216.0, 3332.0, 60.0, 43.0),
]

"line_52": [
    Rect2(10.0, 3380.0, 65.0, 48.0),
    Rect2(80.0, 3381.0, 64.0, 47.0),
    Rect2(149.0, 3384.0, 62.0, 44.0),
    Rect2(216.0, 3385.0, 60.0, 43.0),
]

"line_53": [
    Rect2(10.0, 3453.0, 63.0, 42.0),
    Rect2(78.0, 3455.0, 64.0, 40.0),
    Rect2(147.0, 3453.0, 61.0, 42.0),
    Rect2(213.0, 3446.0, 61.0, 49.0),
    Rect2(279.0, 3450.0, 65.0, 45.0),
]

"line_54": [
    Rect2(10.0, 3505.0, 58.0, 42.0),
    Rect2(74.0, 3500.0, 61.0, 47.0),
]

"line_55": [
    Rect2(10.0, 3583.0, 58.0, 60.0),
    Rect2(73.0, 3582.0, 65.0, 61.0),
    Rect2(145.0, 3576.0, 69.0, 67.0),
    Rect2(223.0, 3580.0, 68.0, 63.0),
    Rect2(285.0, 3570.0, 14.0, 17.0),
    Rect2(313.0, 3580.0, 69.0, 63.0),
    Rect2(406.0, 3580.0, 71.0, 63.0),
    Rect2(482.0, 3579.0, 67.0, 64.0),
    Rect2(554.0, 3579.0, 64.0, 64.0),
    Rect2(623.0, 3580.0, 61.0, 63.0),
    Rect2(689.0, 3583.0, 61.0, 60.0),
    Rect2(755.0, 3585.0, 61.0, 58.0),
    Rect2(821.0, 3587.0, 60.0, 56.0),
    Rect2(886.0, 3588.0, 60.0, 55.0),
]

"line_56": [
    Rect2(10.0, 3651.0, 60.0, 56.0),
    Rect2(75.0, 3649.0, 61.0, 58.0),
    Rect2(141.0, 3648.0, 59.0, 59.0),
]

"line_57": [
    Rect2(12.0, 3718.0, 67.0, 60.0),
    Rect2(84.0, 3712.0, 75.0, 66.0),
    Rect2(166.0, 3726.0, 14.0, 13.0),
    Rect2(184.0, 3712.0, 60.0, 66.0),
    Rect2(275.0, 3719.0, 60.0, 59.0),
    Rect2(340.0, 3720.0, 60.0, 58.0),
    Rect2(405.0, 3719.0, 59.0, 59.0),
]

"line_58": [
    Rect2(10.0, 3783.0, 60.0, 67.0),
    Rect2(75.0, 3784.0, 60.0, 66.0),
    Rect2(140.0, 3790.0, 59.0, 60.0),
    Rect2(204.0, 3793.0, 59.0, 57.0),
]

"line_59": [
    Rect2(10.0, 3868.0, 62.0, 62.0),
    Rect2(77.0, 3869.0, 60.0, 61.0),
    Rect2(142.0, 3871.0, 60.0, 59.0),
    Rect2(207.0, 3871.0, 60.0, 59.0),
    Rect2(272.0, 3872.0, 60.0, 58.0),
    Rect2(337.0, 3874.0, 60.0, 56.0),
    Rect2(402.0, 3874.0, 60.0, 56.0),
    Rect2(467.0, 3875.0, 60.0, 55.0),
]

"line_60": [
    Rect2(10.0, 3937.0, 58.0, 59.0),
    Rect2(73.0, 3938.0, 60.0, 58.0),
    Rect2(138.0, 3937.0, 60.0, 59.0),
    Rect2(203.0, 3937.0, 60.0, 59.0),
    Rect2(268.0, 3935.0, 60.0, 61.0),
    Rect2(333.0, 3937.0, 60.0, 59.0),
    Rect2(398.0, 3937.0, 60.0, 59.0),
    Rect2(463.0, 3938.0, 60.0, 58.0),
]

"line_61": [
    Rect2(10.0, 4025.0, 66.0, 60.0),
    Rect2(81.0, 4024.0, 66.0, 61.0),
    Rect2(152.0, 4023.0, 67.0, 62.0),
]

"line_62": [
    Rect2(10.0, 4105.0, 66.0, 60.0),
    Rect2(81.0, 4104.0, 65.0, 61.0),
    Rect2(151.0, 4104.0, 65.0, 61.0),
    Rect2(221.0, 4105.0, 65.0, 60.0),
    Rect2(291.0, 4106.0, 67.0, 59.0),
    Rect2(363.0, 4106.0, 65.0, 59.0),
    Rect2(433.0, 4108.0, 63.0, 57.0),
    Rect2(501.0, 4105.0, 65.0, 60.0),
    Rect2(571.0, 4106.0, 66.0, 59.0),
    Rect2(642.0, 4105.0, 66.0, 60.0),
    Rect2(713.0, 4105.0, 64.0, 60.0),
    Rect2(782.0, 4103.0, 65.0, 62.0),
    Rect2(852.0, 4104.0, 64.0, 61.0),
    Rect2(921.0, 4104.0, 65.0, 61.0),
    Rect2(991.0, 4106.0, 65.0, 59.0),
    Rect2(1061.0, 4104.0, 65.0, 61.0),
    Rect2(1131.0, 4107.0, 65.0, 58.0),
    Rect2(1201.0, 4105.0, 66.0, 60.0),
    Rect2(1272.0, 4106.0, 65.0, 59.0),
    Rect2(1342.0, 4105.0, 66.0, 60.0),
]

"line_63": [
    Rect2(10.0, 4185.0, 65.0, 60.0),
    Rect2(80.0, 4184.0, 66.0, 61.0),
    Rect2(151.0, 4183.0, 66.0, 62.0),
    Rect2(222.0, 4183.0, 64.0, 62.0),
]

"line_64": [
    Rect2(10.0, 4252.0, 67.0, 60.0),
    Rect2(82.0, 4252.0, 68.0, 60.0),
    Rect2(154.0, 4251.0, 67.0, 61.0),
    Rect2(226.0, 4250.0, 65.0, 62.0),
]

"line_65": [
    Rect2(10.0, 4330.0, 65.0, 60.0),
    Rect2(80.0, 4331.0, 66.0, 59.0),
    Rect2(151.0, 4333.0, 65.0, 57.0),
    Rect2(221.0, 4335.0, 64.0, 55.0),
]

"line_66": [
    Rect2(10.0, 4395.0, 67.0, 60.0),
    Rect2(82.0, 4396.0, 67.0, 59.0),
    Rect2(154.0, 4398.0, 65.0, 57.0),
    Rect2(224.0, 4399.0, 65.0, 56.0),
]

"line_67": [
    Rect2(10.0, 4474.0, 68.0, 61.0),
    Rect2(83.0, 4474.0, 68.0, 61.0),
    Rect2(156.0, 4475.0, 69.0, 60.0),
    Rect2(230.0, 4475.0, 69.0, 60.0),
    Rect2(304.0, 4474.0, 69.0, 61.0),
    Rect2(378.0, 4473.0, 68.0, 62.0),
    Rect2(451.0, 4473.0, 68.0, 62.0),
    Rect2(524.0, 4473.0, 69.0, 62.0),
    Rect2(598.0, 4473.0, 68.0, 62.0),
    Rect2(671.0, 4473.0, 67.0, 62.0),
]

"line_68": [
    Rect2(10.0, 4543.0, 68.0, 60.0),
    Rect2(83.0, 4542.0, 68.0, 61.0),
    Rect2(156.0, 4543.0, 70.0, 60.0),
    Rect2(231.0, 4544.0, 69.0, 59.0),
    Rect2(305.0, 4543.0, 69.0, 60.0),
    Rect2(379.0, 4541.0, 68.0, 62.0),
    Rect2(452.0, 4540.0, 68.0, 63.0),
    Rect2(525.0, 4540.0, 69.0, 63.0),
    Rect2(599.0, 4541.0, 68.0, 62.0),
    Rect2(672.0, 4540.0, 65.0, 63.0),
]

"line_69": [
    Rect2(10.0, 4622.0, 59.0, 69.0),
    Rect2(74.0, 4624.0, 59.0, 67.0),
    Rect2(138.0, 4622.0, 60.0, 69.0),
    Rect2(203.0, 4621.0, 60.0, 70.0),
]

"line_70": [
    Rect2(10.0, 4697.0, 59.0, 69.0),
    Rect2(74.0, 4700.0, 59.0, 66.0),
    Rect2(138.0, 4697.0, 60.0, 69.0),
    Rect2(203.0, 4696.0, 60.0, 70.0),
]

"line_71": [
    Rect2(10.0, 4784.0, 60.0, 71.0),
    Rect2(75.0, 4791.0, 58.0, 64.0),
    Rect2(138.0, 4792.0, 57.0, 63.0),
    Rect2(200.0, 4796.0, 55.0, 59.0),
    Rect2(260.0, 4798.0, 54.0, 57.0),
    Rect2(319.0, 4800.0, 55.0, 55.0),
    Rect2(379.0, 4797.0, 61.0, 58.0),
    Rect2(445.0, 4796.0, 62.0, 59.0),
]

"line_72": [
    Rect2(10.0, 4860.0, 59.0, 70.0),
    Rect2(74.0, 4866.0, 59.0, 64.0),
    Rect2(138.0, 4867.0, 57.0, 63.0),
    Rect2(200.0, 4871.0, 55.0, 59.0),
    Rect2(260.0, 4873.0, 55.0, 57.0),
    Rect2(320.0, 4875.0, 55.0, 55.0),
    Rect2(380.0, 4872.0, 61.0, 58.0),
    Rect2(446.0, 4871.0, 63.0, 59.0),
]

"line_73": [
    Rect2(10.0, 4948.0, 67.0, 60.0),
    Rect2(82.0, 4950.0, 68.0, 58.0),
    Rect2(155.0, 4952.0, 65.0, 56.0),
    Rect2(225.0, 4951.0, 63.0, 57.0),
]

"line_74": [
    Rect2(10.0, 5026.0, 70.0, 62.0),
    Rect2(85.0, 5027.0, 71.0, 61.0),
    Rect2(161.0, 5028.0, 72.0, 60.0),
    Rect2(238.0, 5028.0, 70.0, 60.0),
    Rect2(313.0, 5027.0, 63.0, 61.0),
    Rect2(381.0, 5028.0, 59.0, 60.0),
    Rect2(445.0, 5030.0, 57.0, 58.0),
    Rect2(507.0, 5027.0, 57.0, 61.0),
    Rect2(569.0, 5028.0, 56.0, 60.0),
]

"line_75": [
    Rect2(85.0, 5094.0, 70.0, 60.0),
    Rect2(161.0, 5093.0, 71.0, 61.0),
    Rect2(313.0, 5094.0, 63.0, 60.0),
    Rect2(445.0, 5096.0, 56.0, 58.0),
    Rect2(507.0, 5093.0, 57.0, 61.0),
    Rect2(569.0, 5094.0, 56.0, 60.0),
]

"line_76": [
    Rect2(10.0, 5174.0, 56.0, 60.0),
    Rect2(71.0, 5173.0, 56.0, 61.0),
    Rect2(132.0, 5172.0, 56.0, 62.0),
]

"line_77": [
    Rect2(10.0, 5254.0, 56.0, 60.0),
    Rect2(71.0, 5253.0, 56.0, 61.0),
    Rect2(132.0, 5253.0, 56.0, 61.0),
    Rect2(193.0, 5254.0, 55.0, 60.0),
    Rect2(253.0, 5255.0, 57.0, 59.0),
    Rect2(315.0, 5255.0, 56.0, 59.0),
    Rect2(376.0, 5257.0, 56.0, 57.0),
    Rect2(437.0, 5254.0, 56.0, 60.0),
    Rect2(498.0, 5255.0, 56.0, 59.0),
    Rect2(558.0, 5254.0, 56.0, 60.0),
    Rect2(619.0, 5254.0, 56.0, 60.0),
    Rect2(680.0, 5252.0, 56.0, 62.0),
    Rect2(741.0, 5253.0, 56.0, 61.0),
    Rect2(802.0, 5253.0, 55.0, 61.0),
    Rect2(862.0, 5255.0, 57.0, 59.0),
    Rect2(924.0, 5253.0, 56.0, 61.0),
    Rect2(985.0, 5256.0, 56.0, 58.0),
    Rect2(1046.0, 5254.0, 56.0, 60.0),
    Rect2(1107.0, 5255.0, 56.0, 59.0),
    Rect2(1168.0, 5254.0, 56.0, 60.0),
]

"line_78": [
    Rect2(10.0, 5334.0, 56.0, 60.0),
    Rect2(71.0, 5333.0, 55.0, 61.0),
    Rect2(131.0, 5332.0, 55.0, 62.0),
    Rect2(191.0, 5332.0, 54.0, 62.0),
]

"line_79": [
    Rect2(10.0, 5401.0, 57.0, 60.0),
    Rect2(72.0, 5401.0, 57.0, 60.0),
    Rect2(134.0, 5400.0, 56.0, 61.0),
    Rect2(195.0, 5399.0, 54.0, 62.0),
]

"line_80": [
    Rect2(10.0, 5479.0, 57.0, 60.0),
    Rect2(72.0, 5480.0, 58.0, 59.0),
    Rect2(135.0, 5482.0, 58.0, 57.0),
    Rect2(198.0, 5484.0, 58.0, 55.0),
]

"line_81": [
    Rect2(10.0, 5544.0, 58.0, 60.0),
    Rect2(73.0, 5545.0, 58.0, 59.0),
    Rect2(136.0, 5547.0, 58.0, 57.0),
    Rect2(199.0, 5548.0, 58.0, 56.0),
]

"line_82": [
    Rect2(10.0, 5622.0, 56.0, 62.0),
    Rect2(71.0, 5622.0, 56.0, 62.0),
    Rect2(132.0, 5622.0, 56.0, 62.0),
    Rect2(199.0, 5623.0, 55.0, 63.0),
]

"line_83": [
    Rect2(10.0, 5694.0, 57.0, 61.0),
    Rect2(72.0, 5695.0, 56.0, 60.0),
    Rect2(133.0, 5693.0, 55.0, 62.0),
    Rect2(193.0, 5691.0, 56.0, 64.0),
]

"line_84": [
    Rect2(10.0, 5785.0, 64.0, 49.0),
    Rect2(79.0, 5785.0, 65.0, 49.0),
    Rect2(149.0, 5784.0, 62.0, 50.0),
    Rect2(216.0, 5777.0, 56.0, 57.0),
    Rect2(277.0, 5773.0, 57.0, 61.0),
]

"line_85": [
    Rect2(10.0, 5839.0, 56.0, 49.0),
    Rect2(71.0, 5839.0, 63.0, 49.0),
]

"line_86": [
    Rect2(368.0, 5907.0, 9.0, 10.0),
    Rect2(10.0, 5925.0, 69.0, 70.0),
    Rect2(84.0, 5920.0, 71.0, 75.0),
    Rect2(160.0, 5916.0, 75.0, 79.0),
    Rect2(288.0, 5914.0, 16.0, 16.0),
    Rect2(370.0, 5910.0, 16.0, 16.0),
]

"line_87": [
    Rect2(240.0, 5932.0, 74.0, 63.0),
    Rect2(319.0, 5940.0, 74.0, 55.0),
    Rect2(398.0, 5940.0, 74.0, 55.0),
    Rect2(477.0, 5939.0, 74.0, 56.0),
    Rect2(556.0, 5939.0, 73.0, 56.0),
    Rect2(634.0, 5939.0, 68.0, 56.0),
    Rect2(707.0, 5940.0, 74.0, 55.0),
    Rect2(786.0, 5939.0, 74.0, 56.0),
    Rect2(865.0, 5937.0, 75.0, 56.0),
    Rect2(945.0, 5939.0, 71.0, 56.0),
    Rect2(1021.0, 5937.0, 69.0, 58.0),
    Rect2(1095.0, 5936.0, 68.0, 59.0),
]

"line_88": [
    Rect2(12.0, 6015.0, 65.0, 58.0),
    Rect2(82.0, 6005.0, 68.0, 68.0),
    Rect2(158.0, 6000.0, 71.0, 73.0),
    Rect2(254.0, 6003.0, 57.0, 70.0),
    Rect2(316.0, 6003.0, 56.0, 70.0),
    Rect2(377.0, 6003.0, 57.0, 70.0),
]

"line_89": [
    Rect2(155.0, 6042.0, 10.0, 9.0),
]

"line_90": [
    Rect2(10.0, 6078.0, 56.0, 74.0),
    Rect2(72.0, 6083.0, 59.0, 69.0),
    Rect2(136.0, 6093.0, 63.0, 59.0),
]

"line_91": [
    Rect2(204.0, 6097.0, 64.0, 55.0),
]

"line_92": [
    Rect2(10.0, 6170.0, 70.0, 59.0),
    Rect2(85.0, 6170.0, 66.0, 59.0),
    Rect2(156.0, 6171.0, 67.0, 58.0),
    Rect2(228.0, 6171.0, 59.0, 58.0),
    Rect2(292.0, 6171.0, 62.0, 58.0),
    Rect2(359.0, 6171.0, 60.0, 58.0),
    Rect2(423.0, 6170.0, 61.0, 59.0),
    Rect2(489.0, 6170.0, 59.0, 59.0),
]

"line_93": [
    Rect2(10.0, 6235.0, 56.0, 70.0),
    Rect2(71.0, 6234.0, 56.0, 71.0),
    Rect2(132.0, 6236.0, 56.0, 69.0),
    Rect2(193.0, 6237.0, 55.0, 68.0),
    Rect2(253.0, 6239.0, 54.0, 66.0),
    Rect2(312.0, 6237.0, 55.0, 68.0),
    Rect2(372.0, 6236.0, 56.0, 69.0),
    Rect2(433.0, 6234.0, 56.0, 71.0),
]

"line_94": [
    Rect2(10.0, 6332.0, 59.0, 61.0),
    Rect2(74.0, 6332.0, 59.0, 61.0),
    Rect2(139.0, 6332.0, 59.0, 61.0),
]

"line_95": [
    Rect2(10.0, 6410.0, 59.0, 61.0),
    Rect2(74.0, 6411.0, 59.0, 60.0),
    Rect2(138.0, 6413.0, 61.0, 58.0),
    Rect2(204.0, 6412.0, 59.0, 59.0),
    Rect2(268.0, 6410.0, 58.0, 61.0),
    Rect2(331.0, 6411.0, 60.0, 60.0),
    Rect2(396.0, 6413.0, 60.0, 58.0),
    Rect2(461.0, 6412.0, 60.0, 59.0),
    Rect2(526.0, 6410.0, 61.0, 61.0),
    Rect2(592.0, 6413.0, 60.0, 58.0),
    Rect2(657.0, 6412.0, 59.0, 59.0),
    Rect2(721.0, 6412.0, 59.0, 59.0),
    Rect2(785.0, 6413.0, 61.0, 58.0),
    Rect2(851.0, 6413.0, 59.0, 58.0),
    Rect2(915.0, 6412.0, 58.0, 59.0),
    Rect2(978.0, 6412.0, 60.0, 59.0),
    Rect2(1043.0, 6411.0, 60.0, 60.0),
    Rect2(1108.0, 6411.0, 60.0, 60.0),
    Rect2(1173.0, 6411.0, 61.0, 60.0),
    Rect2(1239.0, 6411.0, 60.0, 60.0),
]

"line_96": [
    Rect2(10.0, 6489.0, 60.0, 60.0),
    Rect2(75.0, 6489.0, 59.0, 60.0),
    Rect2(139.0, 6489.0, 60.0, 60.0),
    Rect2(204.0, 6490.0, 61.0, 59.0),
]

"line_97": [
    Rect2(10.0, 6554.0, 60.0, 60.0),
    Rect2(75.0, 6555.0, 60.0, 59.0),
    Rect2(140.0, 6554.0, 61.0, 60.0),
    Rect2(206.0, 6555.0, 62.0, 59.0),
]

"line_98": [
    Rect2(10.0, 6632.0, 59.0, 61.0),
    Rect2(74.0, 6633.0, 58.0, 60.0),
    Rect2(137.0, 6633.0, 58.0, 60.0),
    Rect2(200.0, 6633.0, 58.0, 60.0),
]

"line_99": [
    Rect2(10.0, 6698.0, 61.0, 61.0),
    Rect2(76.0, 6698.0, 60.0, 61.0),
    Rect2(141.0, 6699.0, 59.0, 60.0),
    Rect2(205.0, 6698.0, 60.0, 61.0),
]

"line_100": [
    Rect2(10.0, 6779.0, 58.0, 61.0),
    Rect2(73.0, 6779.0, 58.0, 61.0),
    Rect2(136.0, 6778.0, 59.0, 62.0),
    Rect2(200.0, 6777.0, 59.0, 63.0),
    Rect2(264.0, 6778.0, 57.0, 62.0),
    Rect2(326.0, 6778.0, 57.0, 62.0),
    Rect2(388.0, 6778.0, 56.0, 62.0),
    Rect2(449.0, 6779.0, 56.0, 61.0),
    Rect2(510.0, 6780.0, 55.0, 60.0),
    Rect2(570.0, 6783.0, 55.0, 57.0),
]

"line_101": [
    Rect2(10.0, 6846.0, 60.0, 61.0),
    Rect2(75.0, 6846.0, 59.0, 61.0),
    Rect2(139.0, 6845.0, 60.0, 62.0),
    Rect2(204.0, 6845.0, 58.0, 62.0),
    Rect2(267.0, 6846.0, 58.0, 61.0),
    Rect2(330.0, 6846.0, 58.0, 61.0),
    Rect2(393.0, 6845.0, 56.0, 62.0),
    Rect2(454.0, 6846.0, 56.0, 61.0),
    Rect2(515.0, 6847.0, 55.0, 60.0),
    Rect2(575.0, 6851.0, 55.0, 56.0),
]

"line_102": [
    Rect2(10.0, 6925.0, 59.0, 61.0),
    Rect2(74.0, 6928.0, 58.0, 58.0),
    Rect2(137.0, 6930.0, 58.0, 56.0),
    Rect2(200.0, 6932.0, 58.0, 54.0),
]

"line_103": [
    Rect2(10.0, 6991.0, 60.0, 62.0),
    Rect2(75.0, 6995.0, 58.0, 58.0),
    Rect2(138.0, 6997.0, 58.0, 56.0),
    Rect2(201.0, 6998.0, 58.0, 55.0),
]

"line_104": [
    Rect2(10.0, 7074.0, 58.0, 62.0),
    Rect2(73.0, 7073.0, 58.0, 63.0),
    Rect2(136.0, 7071.0, 58.0, 65.0),
    Rect2(199.0, 7073.0, 58.0, 63.0),
    Rect2(262.0, 7079.0, 61.0, 57.0),
    Rect2(328.0, 7083.0, 62.0, 53.0),
    Rect2(395.0, 7090.0, 67.0, 46.0),
]

"line_105": [
    Rect2(467.0, 7093.0, 70.0, 43.0),
    Rect2(542.0, 7093.0, 70.0, 43.0),
]

"line_106": [
    Rect2(72.0, 7143.0, 59.0, 63.0),
    Rect2(136.0, 7141.0, 59.0, 65.0),
    Rect2(261.0, 7149.0, 62.0, 57.0),
    Rect2(393.0, 7160.0, 68.0, 46.0),
]

"line_107": [
    Rect2(466.0, 7163.0, 71.0, 43.0),
    Rect2(542.0, 7163.0, 70.0, 43.0),
]

"line_108": [
    Rect2(10.0, 7224.0, 70.0, 43.0),
    Rect2(85.0, 7224.0, 70.0, 43.0),
    Rect2(160.0, 7224.0, 70.0, 43.0),
]

"line_109": [
    Rect2(10.0, 7285.0, 70.0, 43.0),
    Rect2(85.0, 7285.0, 70.0, 43.0),
    Rect2(160.0, 7286.0, 71.0, 42.0),
    Rect2(236.0, 7287.0, 70.0, 41.0),
    Rect2(311.0, 7286.0, 69.0, 42.0),
    Rect2(385.0, 7286.0, 69.0, 42.0),
    Rect2(459.0, 7286.0, 70.0, 42.0),
    Rect2(534.0, 7287.0, 70.0, 41.0),
    Rect2(609.0, 7286.0, 71.0, 42.0),
    Rect2(685.0, 7287.0, 71.0, 41.0),
    Rect2(761.0, 7285.0, 70.0, 43.0),
    Rect2(836.0, 7285.0, 70.0, 43.0),
    Rect2(911.0, 7286.0, 71.0, 42.0),
    Rect2(987.0, 7287.0, 70.0, 41.0),
    Rect2(1062.0, 7286.0, 69.0, 42.0),
    Rect2(1136.0, 7286.0, 70.0, 42.0),
    Rect2(1211.0, 7286.0, 71.0, 42.0),
    Rect2(1287.0, 7287.0, 70.0, 41.0),
    Rect2(1362.0, 7286.0, 70.0, 42.0),
    Rect2(1437.0, 7287.0, 70.0, 41.0),
]

"line_110": [
    Rect2(10.0, 7346.0, 70.0, 42.0),
    Rect2(85.0, 7347.0, 69.0, 41.0),
    Rect2(159.0, 7347.0, 69.0, 41.0),
    Rect2(233.0, 7348.0, 70.0, 40.0),
]

"line_111": [
    Rect2(10.0, 7393.0, 70.0, 42.0),
    Rect2(85.0, 7395.0, 69.0, 40.0),
    Rect2(159.0, 7394.0, 70.0, 41.0),
    Rect2(234.0, 7395.0, 71.0, 40.0),
]

"line_112": [
    Rect2(10.0, 7453.0, 70.0, 43.0),
    Rect2(85.0, 7453.0, 69.0, 43.0),
    Rect2(159.0, 7453.0, 69.0, 43.0),
    Rect2(233.0, 7454.0, 69.0, 42.0),
]

"line_113": [
    Rect2(10.0, 7502.0, 71.0, 43.0),
    Rect2(86.0, 7501.0, 70.0, 44.0),
    Rect2(161.0, 7502.0, 69.0, 43.0),
    Rect2(235.0, 7502.0, 70.0, 43.0),
]

"line_114": [
    Rect2(10.0, 7564.0, 72.0, 42.0),
    Rect2(87.0, 7563.0, 71.0, 43.0),
    Rect2(163.0, 7564.0, 69.0, 42.0),
    Rect2(237.0, 7564.0, 69.0, 42.0),
]

"line_115": [
    Rect2(10.0, 7611.0, 73.0, 42.0),
    Rect2(88.0, 7611.0, 70.0, 42.0),
    Rect2(163.0, 7612.0, 70.0, 41.0),
    Rect2(238.0, 7612.0, 70.0, 41.0),
]

"line_116": [
    Rect2(10.0, 7671.0, 58.0, 54.0),
    Rect2(73.0, 7672.0, 58.0, 53.0),
    Rect2(136.0, 7672.0, 58.0, 53.0),
    Rect2(199.0, 7674.0, 67.0, 51.0),
    Rect2(271.0, 7682.0, 71.0, 43.0),
]

"line_117": [
    Rect2(10.0, 7739.0, 58.0, 45.0),
    Rect2(73.0, 7730.0, 58.0, 54.0),
]

"line_118": [
    Rect2(10.0, 7813.0, 71.0, 61.0),
    Rect2(88.0, 7808.0, 76.0, 66.0),
    Rect2(169.0, 7806.0, 81.0, 68.0),
    Rect2(257.0, 7804.0, 58.0, 70.0),
    Rect2(350.0, 7803.0, 62.0, 71.0),
    Rect2(447.0, 7802.0, 62.0, 72.0),
    Rect2(514.0, 7805.0, 63.0, 69.0),
    Rect2(582.0, 7809.0, 64.0, 65.0),
    Rect2(651.0, 7813.0, 64.0, 61.0),
    Rect2(720.0, 7816.0, 63.0, 58.0),
    Rect2(788.0, 7816.0, 62.0, 58.0),
]

"line_119": [
    Rect2(308.0, 7834.0, 16.0, 9.0),
    Rect2(855.0, 7820.0, 62.0, 54.0),
    Rect2(922.0, 7822.0, 60.0, 52.0),
]

"line_120": [
    Rect2(10.0, 7889.0, 62.0, 54.0),
    Rect2(77.0, 7885.0, 62.0, 58.0),
    Rect2(144.0, 7879.0, 59.0, 64.0),
]

"line_121": [
    Rect2(10.0, 7963.0, 58.0, 62.0),
    Rect2(75.0, 7959.0, 58.0, 66.0),
    Rect2(146.0, 7953.0, 15.0, 17.0),
    Rect2(148.0, 7968.0, 63.0, 57.0),
    Rect2(228.0, 7975.0, 64.0, 50.0),
    Rect2(297.0, 7977.0, 67.0, 48.0),
    Rect2(369.0, 7974.0, 64.0, 51.0),
]

"line_122": [
    Rect2(10.0, 8034.0, 67.0, 56.0),
    Rect2(82.0, 8030.0, 59.0, 60.0),
    Rect2(146.0, 8030.0, 60.0, 60.0),
    Rect2(211.0, 8031.0, 58.0, 59.0),
]

"line_123": [
    Rect2(10.0, 8108.0, 58.0, 67.0),
    Rect2(73.0, 8112.0, 58.0, 63.0),
    Rect2(136.0, 8116.0, 58.0, 59.0),
    Rect2(199.0, 8117.0, 58.0, 58.0),
    Rect2(262.0, 8121.0, 58.0, 54.0),
    Rect2(325.0, 8123.0, 58.0, 52.0),
    Rect2(388.0, 8121.0, 58.0, 54.0),
    Rect2(451.0, 8123.0, 58.0, 52.0),
]

"line_124": [
    Rect2(10.0, 8181.0, 64.0, 50.0),
    Rect2(79.0, 8183.0, 67.0, 48.0),
    Rect2(151.0, 8180.0, 64.0, 51.0),
    Rect2(220.0, 8183.0, 67.0, 48.0),
    Rect2(292.0, 8180.0, 64.0, 51.0),
    Rect2(361.0, 8183.0, 67.0, 48.0),
    Rect2(433.0, 8180.0, 64.0, 51.0),
    Rect2(502.0, 8183.0, 67.0, 48.0),
]

"line_125": [
    Rect2(10.0, 8259.0, 60.0, 66.0),
    Rect2(75.0, 8259.0, 61.0, 66.0),
    Rect2(141.0, 8258.0, 62.0, 67.0),
]

"line_126": [
    Rect2(10.0, 8344.0, 60.0, 66.0),
    Rect2(75.0, 8345.0, 61.0, 65.0),
    Rect2(141.0, 8345.0, 61.0, 65.0),
    Rect2(207.0, 8345.0, 60.0, 65.0),
    Rect2(272.0, 8343.0, 59.0, 67.0),
    Rect2(336.0, 8345.0, 59.0, 65.0),
    Rect2(400.0, 8347.0, 57.0, 63.0),
    Rect2(462.0, 8345.0, 60.0, 65.0),
    Rect2(527.0, 8344.0, 59.0, 66.0),
    Rect2(591.0, 8344.0, 60.0, 66.0),
    Rect2(656.0, 8346.0, 60.0, 64.0),
    Rect2(721.0, 8345.0, 62.0, 65.0),
    Rect2(788.0, 8346.0, 61.0, 64.0),
    Rect2(854.0, 8345.0, 61.0, 65.0),
    Rect2(920.0, 8345.0, 59.0, 65.0),
    Rect2(984.0, 8345.0, 61.0, 65.0),
    Rect2(1050.0, 8345.0, 58.0, 65.0),
    Rect2(1113.0, 8344.0, 60.0, 66.0),
    Rect2(1178.0, 8345.0, 59.0, 65.0),
    Rect2(1242.0, 8344.0, 60.0, 66.0),
]

"line_127": [
    Rect2(10.0, 8429.0, 60.0, 65.0),
    Rect2(75.0, 8428.0, 61.0, 66.0),
    Rect2(141.0, 8428.0, 62.0, 66.0),
    Rect2(208.0, 8430.0, 62.0, 64.0),
]

"line_128": [
    Rect2(10.0, 8500.0, 60.0, 67.0),
    Rect2(75.0, 8499.0, 60.0, 68.0),
    Rect2(140.0, 8500.0, 61.0, 67.0),
    Rect2(206.0, 8502.0, 62.0, 65.0),
]

"line_129": [
    Rect2(10.0, 8586.0, 60.0, 65.0),
    Rect2(74.0, 8585.0, 59.0, 66.0),
    Rect2(138.0, 8586.0, 57.0, 65.0),
    Rect2(200.0, 8587.0, 55.0, 64.0),
]

"line_130": [
    Rect2(10.0, 8656.0, 60.0, 67.0),
    Rect2(75.0, 8656.0, 59.0, 67.0),
    Rect2(139.0, 8658.0, 57.0, 65.0),
    Rect2(201.0, 8658.0, 56.0, 65.0),
]

"line_131": [
    Rect2(10.0, 8742.0, 61.0, 68.0),
    Rect2(76.0, 8742.0, 61.0, 68.0),
    Rect2(142.0, 8741.0, 60.0, 69.0),
    Rect2(207.0, 8741.0, 60.0, 69.0),
    Rect2(272.0, 8741.0, 61.0, 69.0),
    Rect2(338.0, 8742.0, 62.0, 68.0),
    Rect2(405.0, 8742.0, 62.0, 68.0),
    Rect2(472.0, 8741.0, 62.0, 69.0),
    Rect2(539.0, 8742.0, 62.0, 68.0),
    Rect2(606.0, 8743.0, 62.0, 67.0),
]

"line_132": [
    Rect2(10.0, 8817.0, 60.0, 68.0),
    Rect2(75.0, 8817.0, 61.0, 68.0),
    Rect2(141.0, 8815.0, 60.0, 70.0),
    Rect2(206.0, 8816.0, 59.0, 69.0),
    Rect2(270.0, 8816.0, 60.0, 69.0),
    Rect2(335.0, 8817.0, 62.0, 68.0),
    Rect2(402.0, 8817.0, 63.0, 68.0),
    Rect2(470.0, 8816.0, 63.0, 69.0),
    Rect2(538.0, 8817.0, 62.0, 68.0),
    Rect2(605.0, 8820.0, 63.0, 65.0),
]

"line_133": [
    Rect2(10.0, 8903.0, 59.0, 75.0),
    Rect2(74.0, 8904.0, 58.0, 74.0),
    Rect2(137.0, 8904.0, 57.0, 74.0),
    Rect2(199.0, 8907.0, 57.0, 71.0),
]

"line_134": [
    Rect2(10.0, 8983.0, 58.0, 74.0),
    Rect2(73.0, 8983.0, 57.0, 74.0),
    Rect2(135.0, 8984.0, 57.0, 73.0),
    Rect2(197.0, 8987.0, 57.0, 70.0),
]

"line_135": [
    Rect2(10.0, 9075.0, 56.0, 75.0),
    Rect2(71.0, 9078.0, 57.0, 72.0),
    Rect2(133.0, 9081.0, 57.0, 69.0),
    Rect2(195.0, 9083.0, 57.0, 67.0),
    Rect2(257.0, 9093.0, 57.0, 57.0),
    Rect2(319.0, 9090.0, 54.0, 60.0),
    Rect2(378.0, 9086.0, 56.0, 64.0),
    Rect2(439.0, 9085.0, 59.0, 65.0),
]

"line_136": [
    Rect2(10.0, 9155.0, 55.0, 75.0),
    Rect2(70.0, 9157.0, 57.0, 73.0),
    Rect2(132.0, 9161.0, 56.0, 69.0),
    Rect2(193.0, 9164.0, 56.0, 66.0),
]

"line_137": [
    Rect2(254.0, 9174.0, 56.0, 56.0),
    Rect2(315.0, 9171[...]
