Total sprites detectados:185

========= MAPA REAL DO ATLAS =========

"line_1": [
    Rect2(5.0, 31.0, 21.0, 21.0),
    Rect2(31.0, 29.0, 18.0, 23.0),
    Rect2(54.0, 27.0, 15.0, 25.0),
    Rect2(74.0, 26.0, 13.0, 26.0),
    Rect2(92.0, 26.0, 13.0, 26.0),
    Rect2(110.0, 26.0, 13.0, 26.0),
    Rect2(128.0, 27.0, 15.0, 25.0),
    Rect2(148.0, 29.0, 18.0, 23.0),
    Rect2(171.0, 31.0, 21.0, 21.0),
    Rect2(197.0, 33.0, 24.0, 19.0),
    Rect2(226.0, 37.0, 25.0, 15.0),
    Rect2(256.0, 39.0, 26.0, 13.0),
    Rect2(287.0, 39.0, 26.0, 13.0),
    Rect2(318.0, 39.0, 26.0, 13.0),
    Rect2(349.0, 39.0, 24.0, 15.0),
    Rect2(378.0, 39.0, 23.0, 18.0),
    Rect2(406.0, 39.0, 21.0, 21.0),
    Rect2(432.0, 39.0, 18.0, 23.0),
    Rect2(455.0, 39.0, 15.0, 25.0),
    Rect2(475.0, 39.0, 13.0, 26.0),
    Rect2(493.0, 39.0, 13.0, 26.0),
    Rect2(511.0, 39.0, 13.0, 26.0),
    Rect2(529.0, 39.0, 15.0, 25.0),
    Rect2(549.0, 39.0, 18.0, 23.0),
    Rect2(572.0, 39.0, 21.0, 21.0),
    Rect2(597.0, 39.0, 23.0, 18.0),
    Rect2(625.0, 39.0, 25.0, 15.0),
    Rect2(655.0, 39.0, 26.0, 13.0),
    Rect2(686.0, 39.0, 26.0, 13.0),
    Rect2(717.0, 39.0, 26.0, 13.0),
    Rect2(748.0, 37.0, 25.0, 15.0),
    Rect2(778.0, 34.0, 23.0, 18.0),
]

"line_2": [
    Rect2(6.0, 93.0, 38.0, 37.0),
    Rect2(49.0, 88.0, 42.0, 42.0),
    Rect2(96.0, 84.0, 46.0, 46.0),
    Rect2(148.0, 84.0, 13.0, 13.0),
    Rect2(301.0, 83.0, 37.0, 36.0),
    Rect2(344.0, 83.0, 41.0, 41.0),
    Rect2(390.0, 83.0, 45.0, 45.0),
    Rect2(440.0, 83.0, 21.0, 21.0),
    Rect2(173.0, 109.0, 21.0, 21.0),
]

"line_3": [
    Rect2(472.0, 115.0, 13.0, 13.0),
]

"line_4": [
    Rect2(5.0, 146.0, 33.0, 42.0),
    Rect2(43.0, 140.0, 35.0, 48.0),
    Rect2(83.0, 135.0, 37.0, 53.0),
    Rect2(125.0, 135.0, 11.0, 16.0),
    Rect2(301.0, 134.0, 33.0, 42.0),
    Rect2(339.0, 134.0, 36.0, 48.0),
    Rect2(380.0, 134.0, 37.0, 51.0),
    Rect2(422.0, 134.0, 18.0, 23.0),
]

"line_5": [
    Rect2(144.0, 165.0, 18.0, 23.0),
    Rect2(450.0, 171.0, 11.0, 16.0),
]

"line_6": [
    Rect2(5.0, 208.0, 27.0, 45.0),
    Rect2(37.0, 200.0, 28.0, 53.0),
    Rect2(70.0, 194.0, 27.0, 59.0),
    Rect2(102.0, 193.0, 9.0, 19.0),
    Rect2(301.0, 192.0, 28.0, 46.0),
    Rect2(334.0, 192.0, 29.0, 53.0),
    Rect2(368.0, 192.0, 27.0, 54.0),
    Rect2(400.0, 192.0, 15.0, 25.0),
]

"line_7": [
    Rect2(116.0, 228.0, 15.0, 25.0),
]

"line_8": [
    Rect2(30.0, 267.0, 20.0, 57.0),
    Rect2(55.0, 263.0, 18.0, 61.0),
    Rect2(301.0, 256.0, 21.0, 47.0),
    Rect2(327.0, 256.0, 19.0, 55.0),
    Rect2(351.0, 256.0, 16.0, 60.0),
    Rect2(372.0, 256.0, 13.0, 26.0),
    Rect2(5.0, 275.0, 20.0, 49.0),
]

"line_9": [
    Rect2(82.0, 298.0, 13.0, 26.0),
]

"line_10": [
    Rect2(29.0, 336.0, 16.0, 57.0),
    Rect2(50.0, 330.0, 13.0, 63.0),
    Rect2(301.0, 326.0, 19.0, 48.0),
    Rect2(325.0, 326.0, 17.0, 57.0),
    Rect2(347.0, 326.0, 13.0, 63.0),
    Rect2(365.0, 326.0, 13.0, 26.0),
    Rect2(5.0, 345.0, 19.0, 48.0),
]

"line_11": [
    Rect2(68.0, 367.0, 13.0, 26.0),
]

"line_12": [
    Rect2(31.0, 404.0, 22.0, 56.0),
    Rect2(58.0, 399.0, 20.0, 61.0),
    Rect2(301.0, 395.0, 21.0, 47.0),
    Rect2(327.0, 395.0, 22.0, 56.0),
    Rect2(354.0, 395.0, 19.0, 57.0),
    Rect2(382.0, 395.0, 13.0, 26.0),
    Rect2(5.0, 413.0, 21.0, 47.0),
]

"line_13": [
    Rect2(83.0, 434.0, 13.0, 26.0),
]

"line_14": [
    Rect2(35.0, 470.0, 27.0, 56.0),
    Rect2(67.0, 466.0, 25.0, 60.0),
    Rect2(301.0, 462.0, 28.0, 46.0),
    Rect2(334.0, 462.0, 27.0, 54.0),
    Rect2(366.0, 462.0, 26.0, 56.0),
    Rect2(410.0, 462.0, 15.0, 25.0),
    Rect2(5.0, 480.0, 25.0, 46.0),
]

"line_15": [
    Rect2(97.0, 501.0, 15.0, 25.0),
]

"line_16": [
    Rect2(5.0, 545.0, 31.0, 43.0),
    Rect2(41.0, 538.0, 32.0, 50.0),
    Rect2(78.0, 533.0, 35.0, 55.0),
    Rect2(142.0, 532.0, 10.0, 16.0),
    Rect2(301.0, 528.0, 31.0, 42.0),
    Rect2(337.0, 528.0, 33.0, 47.0),
    Rect2(375.0, 528.0, 37.0, 52.0),
    Rect2(436.0, 528.0, 18.0, 23.0),
]

"line_17": [
    Rect2(118.0, 565.0, 18.0, 23.0),
    Rect2(417.0, 569.0, 9.0, 14.0),
]

"line_18": [
    Rect2(5.0, 602.0, 36.0, 38.0),
    Rect2(47.0, 598.0, 41.0, 42.0),
    Rect2(93.0, 594.0, 45.0, 46.0),
    Rect2(175.0, 594.0, 13.0, 13.0),
    Rect2(302.0, 588.0, 36.0, 37.0),
    Rect2(343.0, 588.0, 41.0, 43.0),
    Rect2(389.0, 588.0, 44.0, 46.0),
    Rect2(463.0, 588.0, 21.0, 21.0),
    Rect2(143.0, 619.0, 21.0, 21.0),
]

"line_19": [
    Rect2(439.0, 621.0, 13.0, 14.0),
]

"line_20": [
    Rect2(5.0, 652.0, 42.0, 33.0),
    Rect2(53.0, 649.0, 49.0, 36.0),
    Rect2(107.0, 647.0, 52.0, 38.0),
    Rect2(203.0, 646.0, 15.0, 11.0),
    Rect2(302.0, 641.0, 41.0, 33.0),
    Rect2(348.0, 641.0, 47.0, 34.0),
    Rect2(400.0, 641.0, 51.0, 36.0),
    Rect2(485.0, 641.0, 23.0, 18.0),
    Rect2(164.0, 666.0, 24.0, 19.0),
]

"line_21": [
    Rect2(301.0, 684.0, 45.0, 28.0),
    Rect2(351.0, 684.0, 54.0, 29.0),
    Rect2(410.0, 684.0, 56.0, 27.0),
    Rect2(456.0, 669.0, 13.0, 10.0),
    Rect2(5.0, 690.0, 46.0, 29.0),
    Rect2(56.0, 691.0, 53.0, 28.0),
    Rect2(114.0, 695.0, 60.0, 24.0),
    Rect2(507.0, 684.0, 25.0, 15.0),
]

"line_22": [
    Rect2(179.0, 704.0, 25.0, 15.0),
    Rect2(471.0, 704.0, 16.0, 9.0),
]

"line_23": [
    Rect2(5.0, 724.0, 49.0, 20.0),
    Rect2(59.0, 724.0, 56.0, 20.0),
    Rect2(120.0, 726.0, 58.0, 18.0),
    Rect2(183.0, 731.0, 26.0, 13.0),
    Rect2(301.0, 718.0, 46.0, 20.0),
    Rect2(352.0, 718.0, 56.0, 20.0),
    Rect2(414.0, 718.0, 61.0, 16.0),
    Rect2(516.0, 718.0, 26.0, 13.0),
]

"line_24": [
    Rect2(5.0, 749.0, 48.0, 19.0),
    Rect2(60.0, 750.0, 57.0, 17.0),
    Rect2(122.0, 753.0, 60.0, 13.0),
    Rect2(187.0, 753.0, 26.0, 13.0),
    Rect2(301.0, 743.0, 51.0, 19.0),
    Rect2(357.0, 744.0, 55.0, 16.0),
    Rect2(417.0, 746.0, 62.0, 13.0),
    Rect2(522.0, 746.0, 26.0, 13.0),
]

"line_25": [
    Rect2(5.0, 773.0, 48.0, 20.0),
    Rect2(58.0, 773.0, 57.0, 20.0),
    Rect2(120.0, 773.0, 59.0, 18.0),
    Rect2(184.0, 773.0, 27.0, 13.0),
    Rect2(301.0, 767.0, 50.0, 20.0),
    Rect2(356.0, 767.0, 58.0, 20.0),
    Rect2(419.0, 771.0, 61.0, 16.0),
    Rect2(522.0, 774.0, 26.0, 13.0),
]

"line_26": [
    Rect2(5.0, 798.0, 45.0, 26.0),
    Rect2(56.0, 798.0, 52.0, 28.0),
    Rect2(113.0, 798.0, 56.0, 27.0),
    Rect2(175.0, 798.0, 24.0, 15.0),
    Rect2(301.0, 795.0, 46.0, 25.0),
    Rect2(352.0, 793.0, 52.0, 27.0),
    Rect2(409.0, 793.0, 59.0, 27.0),
    Rect2(508.0, 805.0, 25.0, 15.0),
]

"line_27": [
    Rect2(5.0, 831.0, 43.0, 31.0),
    Rect2(54.0, 831.0, 48.0, 35.0),
    Rect2(107.0, 831.0, 51.0, 38.0),
    Rect2(163.0, 831.0, 23.0, 18.0),
    Rect2(302.0, 832.0, 42.0, 31.0),
    Rect2(349.0, 828.0, 48.0, 35.0),
    Rect2(402.0, 827.0, 54.0, 36.0),
    Rect2(462.0, 826.0, 16.0, 11.0),
]

"line_28": [
    Rect2(201.0, 858.0, 15.0, 11.0),
    Rect2(492.0, 845.0, 23.0, 18.0),
    Rect2(3.0, 876.0, 27.0, 37.0),
    Rect2(50.0, 875.0, 26.0, 35.0),
    Rect2(94.0, 876.0, 36.0, 33.0),
]

"line_29": [
    Rect2(142.0, 882.0, 37.0, 25.0),
    Rect2(189.0, 885.0, 33.0, 27.0),
    Rect2(233.0, 877.0, 31.0, 36.0),
    Rect2(277.0, 874.0, 21.0, 39.0),
    Rect2(308.0, 875.0, 30.0, 38.0),
    Rect2(348.0, 880.0, 39.0, 33.0),
    Rect2(397.0, 891.0, 39.0, 22.0),
    Rect2(446.0, 879.0, 31.0, 34.0),
]
